.Random.seed <-
c(403L, 16L, 845375093L, 1268257548L, 1380585186L, 763470781L, 
-840575945L, -147327266L, -31571432L, 546442619L, -906902247L, 
439110056L, -1975698090L, 1074544081L, -2118240893L, -339334126L, 
-1287845980L, 1873641319L, 1759001789L, -1913938892L, 745500570L, 
-2069894171L, 522479487L, -987277562L, 1887821968L, -1117587149L, 
-68874543L, -1434534784L, 1914285406L, 819176105L, 1955835227L, 
-1058443414L, -960158196L, 207121999L, 751182597L, -913345604L, 
1267402386L, -1953774195L, -1051109945L, 527197870L, 1377652488L, 
748195083L, -2006701079L, -1259647816L, -1840690330L, -784916479L, 
299429523L, -1376636606L, -618455308L, 971746039L, -1126606099L, 
-1670392444L, -1873847382L, 1644708117L, -1962832977L, -2052672586L, 
-355628576L, 545237283L, -596820415L, 1666429232L, 479355726L, 
776866233L, 500626379L, 268757114L, -784475780L, -1716762177L, 
-595974507L, 1129479340L, -1675450750L, 457338461L, -530869929L, 
241417278L, -1649291144L, -1572512933L, -268933447L, -318235896L, 
-1060179530L, 707702513L, 1632454947L, -808764558L, 1691775428L, 
791325063L, -1724828835L, 775175508L, 2047242106L, 488791749L, 
1942933535L, 1839462310L, -386946768L, 265978835L, -1087096335L, 
1899634464L, -2107303490L, -1477244471L, 2113006971L, -1946059958L, 
1596484524L, -1709485393L, -1460514715L, 737009692L, 1157131890L, 
-2125672211L, 969335079L, -1923682994L, 495918504L, -1794889301L, 
-689429815L, -358268200L, -681791610L, 867443297L, -584410125L, 
279555682L, 831469780L, 1086800343L, -642317363L, -840890524L, 
-169987254L, -720219467L, -466501105L, 1542603542L, 1210592704L, 
-1057501821L, -2059009119L, 722402192L, 665692270L, -637538791L, 
1079529131L, -936914278L, 785804892L, 210701151L, 1077650741L, 
344372428L, -1332068830L, -21598083L, 1935878519L, 1570899614L, 
-1864637096L, 212985019L, -2019198375L, -732118552L, 202920982L, 
-1258405999L, 1050837059L, 163538770L, 58543076L, -96669145L, 
1717299837L, 1905783668L, 1047564122L, -797996635L, -815258177L, 
989550150L, 1077556432L, -560386317L, -1875322863L, -132243904L, 
-1142623714L, -1181336343L, 1858520603L, 1429452330L, -962475700L, 
-835816689L, 2113078853L, -1103306756L, -256006574L, 1103895501L, 
911152519L, 259215470L, 1801144392L, -89552309L, 829843369L, 
-1193761032L, -685829594L, -21935295L, -263819053L, 1475703938L, 
697643700L, -2025863625L, -1230295763L, -111835580L, 1842248554L, 
-1148794923L, -838114961L, 9251958L, 702195616L, -609976221L, 
1474135297L, 328190064L, -1220004850L, 2044437625L, -1402399733L, 
670129466L, 909450300L, 1212119935L, 656353493L, -263787284L, 
810673730L, 1767733661L, 2064104471L, -2102345346L, -1387964616L, 
1739882523L, 1269682553L, 1766471624L, 49748982L, -1028395471L, 
195389539L, 643508274L, -211556988L, -2070156345L, -1410679139L, 
-1066068460L, -1797649222L, -2102748923L, 1423645407L, -1598101658L, 
-1308451088L, -505149933L, -914354255L, -579241376L, 1911908350L, 
-1301608567L, -656912197L, -1124275062L, -1598238868L, -1283572497L, 
-2023221467L, 1209377244L, -1017479246L, 36657850L, -1704814832L, 
2033164524L, -1395129260L, -474607854L, 1481841568L, -851972148L, 
-40023200L, -782446398L, -1581947352L, -1188117076L, -90595524L, 
-782723214L, 321465136L, -1847676380L, -1062594504L, 1492755674L, 
1290299792L, 895878908L, 769576852L, 1661143874L, 1147281920L, 
1604917820L, 771833424L, -12911966L, 1212521288L, 738853388L, 
-316171044L, 1421134418L, 1060120704L, -1339880620L, -962127384L, 
918715130L, 948619088L, 1952283692L, 792364404L, -1906010478L, 
-1663997344L, 1211675276L, -295728288L, -2144021790L, 325320872L, 
-1514000180L, 60570108L, 1528782770L, 66192880L, -1613101628L, 
-571527336L, -902341766L, 1361417648L, -1064486468L, -1749460908L, 
-320214078L, 1053410080L, -118505540L, -2114770352L, -1337680414L, 
-1542368920L, 1152564556L, -1394648836L, 1369436914L, -2051897600L, 
-723245452L, 1076385800L, -364762694L, -930986032L, -33539604L, 
-183853164L, -1568451886L, -1704173984L, -1119947444L, 133530912L, 
-2079649150L, 1997978088L, -384325652L, -1847548356L, 163683954L, 
566952816L, 1836067108L, -1279618504L, -1666371174L, -605693488L, 
2108349884L, -653272940L, 49200258L, -574835264L, -1160387780L, 
-827730800L, -1297886430L, -1403752952L, -1031832308L, 1846154652L, 
2116378130L, 80792448L, 1358152468L, 1077711144L, -1044313030L, 
-2066375728L, 781087340L, 1147431476L, 1240873618L, 2040757600L, 
316553548L, 1269991392L, -1349999198L, 1396321704L, -1191893364L, 
-444682820L, -404189582L, -1214063632L, 1859671620L, -1577113512L, 
-893347782L, 289658992L, -718641092L, 1808980244L, -437628222L, 
-1325355296L, 994646140L, 330428112L, -1800353374L, -958226392L, 
1090644748L, 2051584444L, 974009138L, 135477952L, 1887519796L, 
-153385272L, 2105140410L, -1585461616L, -1234776340L, 1177258580L, 
925966994L, -392589024L, -1249109556L, -1905945888L, -876525374L, 
2017268776L, 145770412L, 983872188L, 1766976498L, -425595344L, 
688199588L, 1483038136L, 462890842L, -1743978352L, 1807078268L, 
431587604L, -984749758L, -1151788800L, 800640444L, 1818863952L, 
-1742038750L, 1144414792L, -1989769204L, 744367708L, 1201445330L, 
-666898944L, -166113964L, 1906851048L, 524531962L, 1489182416L, 
-882984148L, -1038571276L, 67584402L, -1841396384L, 1020584972L, 
1974557920L, 1471943266L, 741782696L, -1382030260L, 2072727420L, 
-1393907406L, -643423632L, 752882500L, 1833053144L, -1320371334L, 
1295120432L, 1485164476L, 405461588L, -838844350L, -1556068704L, 
525415100L, 467198928L, 1936446818L, -1292820760L, -687784756L, 
-1199781380L, -66761230L, -4760448L, 1247717876L, -2123074936L, 
1221983034L, 257131856L, 319112300L, -1989804652L, 135792722L, 
460828128L, -39754548L, -1343697248L, 2079490434L, -735506200L, 
2048338668L, 77921596L, 1625229426L, -660385168L, -203793884L, 
512411704L, -252098278L, 1936438480L, -1335269060L, 2129933204L, 
1263310722L, 1917893568L, -597322180L, 338481552L, -886114270L, 
1144028424L, 1935575180L, 1697267484L, -306168686L, 197258624L, 
-1939836908L, 1266738984L, -1481337286L, -715265584L, -299433620L, 
-1863698525L, -544818331L, -632710526L, -560359440L, 1545089433L, 
1857937291L, 896211580L, -1058240342L, 1988192991L, -1923966871L, 
467047038L, -668226964L, 1122625213L, 364174215L, 1253838704L, 
-545098226L, -1361056965L, 1715435549L, -1480294198L, 1591712744L, 
-2015541039L, 648680643L, -41980988L, 743837810L, 1568399687L, 
716115217L, -2133370730L, -1907343884L, -694194299L, 654438095L, 
68643784L, -433149338L, -1875233645L, 388725749L, -1159152174L, 
2108247584L, 2053976073L, -225073861L, -1949521780L, -172088038L, 
556960655L, 1558557913L, 1236450158L, 1683405564L, -1429862291L, 
2082702359L, 1184265696L, -398859842L, 122992523L, 2029008909L, 
1580085306L, -2113986440L, 1465199649L, 1426575059L, 2035191284L, 
-1677332862L, 1646291735L, -1887467039L, -1661905114L, -1686699484L, 
-237833003L, -609999745L, 738314520L, 1485641782L, 1402932931L, 
-1276763387L, 709887650L, -1949547376L, 1122726969L, -364827413L, 
838241756L, 2049864714L, 948626175L, 1891973961L, 884855006L, 
-745664884L, -1458099619L, 3254375L, -268782192L, -1135602258L, 
1793241179L, -1317357507L, -1088086358L, -1188189368L, -1263337615L, 
-1221539613L, 1377873892L, -1533057262L, 600193767L, -899326799L, 
482725622L, 1490090260L, -789070299L, 1678234415L, -1730816792L, 
1203811782L, 259921011L, -1091715371L, -362994510L, 1034070144L, 
-834698135L, 1171771611L, -936766420L, 683543610L, 1988106991L, 
1129530745L, 108075534L, -1099691044L, 1723475021L, -641222729L, 
-1909544640L, -881807330L, 607540971L, 268695149L, 1023131354L, 
1699978904L, 1230406913L, -523294029L, -210139692L, 41096418L, 
1471192439L, -1235286847L, -1775454138L, 1580459908L, -1285922507L, 
2091654943L, -1101704584L, -2141067434L, -811440669L, -1571341403L, 
915212866L, 2052327472L, -2144867239L, -1870720565L, 713589308L, 
-277156758L, 216444575L, 301101865L, -1142325314L, 1789841068L, 
-1399098371L, -352572601L, -1617392592L, 9919822L, -2041391749L, 
